Median Experimental repetitions:
Count Measurements:
Measurent unit:ms;

Method 1:
276;363;336;333;305;280;367;313;282;295;306;276;282;318;269;298;315;260;249;242;238;249;243;233;239;
Method 2:
418;348;369;344;337;490;626;375;572;234;409;383;344;439;333;371;376;375;249;331;335;336;332;336;331;
Method 3:
586;457;534;503;466;628;719;758;544;323;611;622;531;;637;566;893;785;817;559;449;552;461;446;461;443
Method 4:
368;460;390;298;342;500;531;420;358;291;397;638;325;495;361;374;509;479;332;307;340;302;303;305;397;
Method 5:
3;3;3;3;3;3;4;3;3;3;3;3;3;4;3;3;4;4;3;3;4;3;3;3;3;3;3;3;3;

Median:
Method 1:282 ms.
Method 2:348 ms.
Method 3:368 ms.
Method 4:361 ms.
Method 5:3 ms.